[Project]
PaperTitle = 铜川矿业
PaperDescription = 铜川矿务局
ScaleNumber = 100
PaperSize = A3
PaperNumber = 5
Designer = 赵琦
Date = 2010年05月06日
CheckDate = 2010年10月11日
Checker = 贾鹏涛
DesignApart = 西安科技大学建工学院
DevelopApart = 西安科技大学


[Flag]
ZhihuWay = 1
HasRevertAngle = false
CalMethod = 4
HasTopBolt = true
HasLeftBolt = false
HasRightBolt = false
HasCable = false


[TopBolt]
Diameter = 18.000000
Length = 2000.000000
Tailing = 120.000000
ALength = 700.000000
Space = 1000.000000
Pitch = 1000.000000
BeamWidth = 50.000000
PortBeamWidth = 50.000000
Number = 3
Material = 螺旋钢纹
BeamMaterial = 14号圆钢焊接
PortBeamMaterial = 14号圆钢焊接
TrayLength = 150*150*10
TrayMaterial = 10槽钢


[LeftBolt]
Diameter = 18.000000
Length = 2000.000000
Tailing = 120.000000
ALength = 700.000000
Space = 1000.000000
Pitch = 1000.000000
BeamWidth = 50.000000
PortBeamWidth = 50.000000
Number = 3
Material = 螺旋钢纹
BeamMaterial = 14号圆钢焊接
PortBeamMaterial = 14号圆钢焊接
TrayLength = 150*150*10
TrayMaterial = 10槽钢


[RightBolt]
Diameter = 18.000000
Length = 2000.000000
Tailing = 120.000000
ALength = 700.000000
Space = 1000.000000
Pitch = 1000.000000
BeamWidth = 50.000000
PortBeamWidth = 50.000000
Number = 3
Material = 螺旋钢纹
BeamMaterial = 14号圆钢焊接
PortBeamMaterial = 14号圆钢焊接
TrayLength = 150*150*10
TrayMaterial = 10槽钢


[Cable]
Diameter = 15.240000
Length = 4500.000000
Tailing = 120.000000
Space = 1200.000000
Pitch = 2400.000000
ALength = 1400.000000
TrayLength = 500.000000
ShuDiameter = 28.000000
ShuLength = 35.000000
Number = 2
Material = 钢绞线
TrayMaterial = 12槽钢
ShuMaterial = Z2835


[Arc]
Width = 321312.000000
ArcHeight = 213.000000
WallHeight = 123.000000
IsNormalToArc = false


[TheoryMethod]
MaiDepth = 0.000000
Compressive = 0.000000
AvgGravity = 0.000000
InnerFriction = 0.000000
ShuLength = 0.000000
StoneNianPower = 0.000000
StoneStrongNumber = 0.000000
BoltDiameter = 0.000000
BoltDisignNumber = 0.000000
BoltAttach = 0.000000
BoltPitch = 0.000000
BoltExperience = 0.000000
BoltCaiNumber = 0.000000
CableDiameter = 0.000000
CableBreakForce = 0.000000
CableAttach = 0.000000
CablePitch = 0.000000
CableFreeNumber = 0.000000
CableCaiNumber = 0.000000
BoltNumber = 0
CableNumber = 0
